1 0.505000 0.470000 0.030000 0.040000
1 0.450000 0.480000 0.040000 0.040000
1 0.480000 0.550000 0.040000 0.020000
1 0.520000 0.580000 0.040000 0.040000
1 0.475000 0.590000 0.030000 0.020000
1 0.620000 0.550000 0.160000 0.060000
1 0.700000 0.615000 0.080000 0.030000
1 0.725000 0.760000 0.070000 0.060000
1 0.810000 0.760000 0.100000 0.040000
1 0.815000 0.790000 0.130000 0.060000
1 0.845000 0.850000 0.050000 0.060000
1 0.915000 0.790000 0.050000 0.080000
1 0.975000 0.755000 0.050000 0.090000
1 0.775000 0.565000 0.090000 0.070000
1 0.840000 0.435000 0.300000 0.170000