1 0.390000 0.760000 0.580000 0.200000
1 0.165000 0.425000 0.330000 0.090000
1 0.255000 0.520000 0.250000 0.100000
1 0.520000 0.500000 0.540000 0.100000
1 0.195000 0.320000 0.350000 0.140000
1 0.605000 0.405000 0.370000 0.070000
1 0.590000 0.340000 0.220000 0.080000
1 0.555000 0.295000 0.350000 0.050000
1 0.550000 0.215000 0.080000 0.050000
1 0.680000 0.220000 0.140000 0.100000
1 0.600000 0.145000 0.360000 0.110000
1 0.475000 0.080000 0.110000 0.060000
1 0.645000 0.060000 0.070000 0.120000
1 0.575000 0.030000 0.250000 0.040000