1 0.050000 0.170000 0.080000 0.080000
1 0.350000 0.245000 0.100000 0.030000
1 0.265000 0.560000 0.050000 0.020000
1 0.220000 0.640000 0.040000 0.060000
1 0.280000 0.930000 0.060000 0.040000
1 0.385000 0.925000 0.090000 0.030000
1 0.730000 0.805000 0.220000 0.050000
1 0.875000 0.745000 0.070000 0.070000
1 0.675000 0.730000 0.170000 0.100000
1 0.785000 0.655000 0.050000 0.030000
1 0.725000 0.600000 0.110000 0.020000
1 0.760000 0.630000 0.040000 0.020000
1 0.860000 0.615000 0.040000 0.030000
1 0.820000 0.580000 0.300000 0.040000
1 0.840000 0.535000 0.080000 0.030000