1 0.240000 0.655000 0.480000 0.350000
1 0.250000 0.880000 0.500000 0.240000
1 0.340000 0.495000 0.120000 0.190000
1 0.840000 0.570000 0.320000 0.380000
1 0.615000 0.400000 0.110000 0.220000
1 0.690000 0.225000 0.080000 0.030000
1 0.690000 0.285000 0.020000 0.070000
1 0.625000 0.260000 0.050000 0.140000
1 0.575000 0.125000 0.070000 0.070000
1 0.525000 0.140000 0.070000 0.080000
1 0.465000 0.195000 0.030000 0.030000
1 0.460000 0.230000 0.040000 0.040000
1 0.565000 0.240000 0.090000 0.160000
1 0.675000 0.145000 0.130000 0.110000
1 0.585000 0.060000 0.050000 0.060000