1 0.635000 0.130000 0.190000 0.140000
1 0.130000 0.555000 0.040000 0.050000
1 0.185000 0.520000 0.030000 0.040000
1 0.180000 0.620000 0.040000 0.040000
1 0.230000 0.625000 0.040000 0.030000
1 0.190000 0.660000 0.040000 0.040000
1 0.235000 0.675000 0.190000 0.170000
1 0.465000 0.700000 0.070000 0.080000
1 0.545000 0.675000 0.090000 0.110000
1 0.660000 0.590000 0.100000 0.100000
1 0.485000 0.495000 0.050000 0.050000
1 0.365000 0.520000 0.070000 0.060000
1 0.675000 0.425000 0.070000 0.070000
1 0.540000 0.350000 0.240000 0.200000