1 0.945000 0.710000 0.110000 0.140000
1 0.445000 0.770000 0.050000 0.060000
1 0.290000 0.755000 0.220000 0.070000
1 0.335000 0.810000 0.490000 0.060000
1 0.115000 0.655000 0.050000 0.030000
1 0.140000 0.695000 0.060000 0.050000
1 0.270000 0.695000 0.200000 0.050000
1 0.490000 0.645000 0.080000 0.130000
1 0.560000 0.610000 0.060000 0.040000
1 0.310000 0.610000 0.060000 0.100000
1 0.215000 0.605000 0.050000 0.050000
1 0.245000 0.640000 0.050000 0.040000
1 0.230000 0.515000 0.080000 0.070000
1 0.355000 0.500000 0.050000 0.040000
1 0.440000 0.535000 0.040000 0.030000
1 0.450000 0.420000 0.040000 0.040000
1 0.455000 0.350000 0.050000 0.020000
1 0.340000 0.350000 0.040000 0.020000
1 0.250000 0.355000 0.040000 0.030000
1 0.240000 0.420000 0.040000 0.040000
1 0.320000 0.445000 0.040000 0.030000
1 0.285000 0.415000 0.030000 0.030000
1 0.325000 0.410000 0.050000 0.040000